11
1
2
13 32 23 8 0 -1
13 34 23 4 0 2
haar_y4
7.821749e-04 0 -1
8.674363e-01 -3.528648e-01 
1
3
14 24 30 2 0 -1
29 24 15 1 0 2
14 25 15 1 0 2
haar_x2_y2
-5.028950e-06 0 -1
4.572776e-01 -3.393408e-01 
1
2
9 10 6 13 0 -1
11 10 2 13 0 3
haar_x3
-1.752948e-03 0 -1
-5.586520e-01 6.270834e-01 
1
2
33 0 2 41 0 -1
33 0 1 41 0 2
haar_x2
2.106203e-03 0 -1
1.031183e-01 -7.522753e-01 
1
2
12 7 24 27 0 -1
18 7 12 27 0 2
haar_x4
-5.597160e-02 0 -1
-7.592788e-01 5.660327e-01 
1
3
17 24 20 2 0 -1
27 24 10 1 0 2
17 25 10 1 0 2
haar_x2_y2
-4.716067e-06 0 -1
5.162399e-01 -4.607577e-01 
1
2
19 21 3 10 0 -1
20 21 1 10 0 3
haar_x3
5.641199e-05 0 -1
6.612448e-01 -5.817826e-01 
1
2
31 21 18 2 0 -1
31 21 18 1 0 2
tilted_haar_x2
-1.638894e-04 0 -1
3.042220e-01 -1.741875e-01 
1
2
23 23 3 3 0 -1
24 24 1 1 0 9
haar_point
-4.263344e-04 0 -1
-9.322471e-01 4.019497e-01 
1
2
30 27 4 3 0 -1
31 27 2 3 0 2
haar_x4
1.261251e-03 0 -1
-1.272067e-01 9.999991e-01 
1
2
16 27 4 3 0 -1
17 27 2 3 0 2
haar_x4
-1.589140e-04 0 -1
-7.222955e-01 5.965760e-01 
-1.767577e+00

0
-1
