7
1
2
21 13 15 9 0 -1
26 18 5 9 0 3
tilted_haar_x3
-1.188231e-03 0 -1
3.920080e-01 -7.447879e-01 
1
2
29 37 1 12 0 -1
25 41 1 4 0 3
tilted_haar_x3
3.119455e-03 0 -1
-1.094181e-01 3.780990e-01 
1
2
20 24 6 11 0 -1
23 24 3 11 0 2
haar_x2
-1.018964e-03 0 -1
-7.487467e-01 3.217458e-01 
1
2
15 9 24 17 0 -1
21 9 12 17 0 2
haar_x4
2.000779e-02 0 -1
1.421281e-01 -5.204392e-01 
1
2
11 9 24 17 0 -1
17 9 12 17 0 2
haar_x4
-3.619137e-02 0 -1
-7.990046e-01 4.288847e-01 
1
2
24 24 3 5 0 -1
25 24 1 5 0 3
haar_x3
-1.488524e-04 0 -1
-7.521942e-01 2.121259e-01 
1
2
23 24 3 5 0 -1
24 24 1 5 0 3
haar_x3
-3.485250e-04 0 -1
-9.529964e-01 2.971028e-01 
-7.934113e-01

-1
-1
