6
1
2
4 17 32 4 0 -1
12 17 16 4 0 2
haar_x4
-1.067299e-02 0 -1
-7.931035e-01 6.106195e-01 
1
2
25 20 3 8 0 -1
26 21 1 8 0 3
tilted_haar_y3
3.392430e-04 0 -1
9.293948e-02 -2.976183e-01 
1
2
20 12 8 36 0 -1
20 24 8 12 0 3
haar_y3
-3.103877e-02 0 -1
4.952978e-01 -8.694561e-01 
1
3
16 20 32 2 0 -1
32 20 16 1 0 2
16 21 16 1 0 2
haar_x2_y2
-8.400262e-04 0 -1
3.577041e-01 -2.555270e-01 
1
2
18 11 21 6 0 -1
18 11 21 3 0 2
tilted_haar_y2
-1.180066e-03 0 -1
-8.594048e-01 4.507558e-01 
1
2
2 23 48 6 0 -1
2 23 24 6 0 2
haar_x2
-3.457021e-02 0 -1
-6.269005e-01 3.800872e-01 
-9.943041e-01

0
-1
