11
1
2
6 8 33 22 0 -1
17 8 11 22 0 3
haar_x3
-1.156620e-01 0 -1
-8.006953e-01 4.495721e-01 
1
2
35 15 3 15 0 -1
30 20 3 5 0 3
tilted_haar_x3
1.169137e-02 0 -1
-9.646551e-02 1.000008e+00 
1
2
21 26 8 2 0 -1
23 26 4 2 0 2
haar_x4
-4.816072e-04 0 -1
-8.186007e-01 4.701472e-01 
1
2
31 8 4 17 0 -1
32 9 2 17 0 2
tilted_haar_y4
-5.056910e-03 0 -1
1.000000e+00 -1.094772e-01 
1
2
19 8 17 4 0 -1
18 9 17 2 0 2
tilted_haar_y4
-2.427350e-04 0 -1
-5.277210e-01 7.056045e-01 
1
2
33 33 2 2 0 -1
33 33 2 1 0 2
tilted_haar_x2
3.396090e-04 0 -1
-2.952996e-02 9.999946e-01 
1
2
19 14 12 34 0 -1
19 31 12 17 0 2
haar_y2
3.803431e-02 0 -1
-5.532700e-01 7.232234e-01 
1
2
32 28 2 4 0 -1
32 28 1 4 0 2
haar_x2
3.210746e-04 0 -1
-2.198295e-02 7.453710e-01 
1
2
16 28 2 4 0 -1
17 28 1 4 0 2
haar_x2
-1.826930e-04 0 -1
-6.251401e-01 6.448982e-01 
1
2
49 27 1 3 0 -1
48 28 1 1 0 3
tilted_haar_x3
-6.064974e-04 0 -1
1.000000e+00 -8.023265e-02 
1
2
1 27 3 1 0 -1
2 28 1 1 0 3
tilted_haar_x3
5.514691e-05 0 -1
-4.299099e-01 1.000003e+00 
-1.554010e+00

0
-1
