6
1
2
2 7 12 2 0 -1
2 7 12 1 0 2
tilted_haar_y2
-1.166207e-03 0 -1
-6.415846e-01 9.999893e-01 
1
2
32 24 3 21 0 -1
33 24 1 21 0 3
haar_x3
-9.990335e-04 0 -1
-7.000879e-01 4.445441e-01 
1
2
15 24 3 21 0 -1
16 24 1 21 0 3
haar_x3
-3.871022e-04 0 -1
-6.473218e-01 9.999869e-01 
1
2
38 14 2 10 0 -1
38 14 1 10 0 2
haar_x2
-6.243399e-04 0 -1
-3.268367e-01 7.874301e-01 
1
2
10 14 2 10 0 -1
11 14 1 10 0 2
haar_x2
-8.754634e-04 0 -1
-7.175898e-01 9.237882e-01 
1
2
30 26 12 3 0 -1
30 27 12 1 0 3
haar_y3
3.159445e-05 0 -1
5.944560e-01 -2.804342e-01 
-1.294333e+00

1
-1
