7
1
2
0 28 26 12 0 -1
0 31 26 6 0 2
haar_y4
8.586762e-05 0 -1
1.000000e+00 -4.388492e-01 
1
2
31 14 6 15 0 -1
26 19 6 5 0 3
tilted_haar_x3
2.386900e-03 0 -1
3.587107e-01 -3.605209e-01 
1
2
25 19 12 3 0 -1
24 20 12 1 0 3
tilted_haar_y3
9.038879e-05 0 -1
8.631265e-01 -5.242194e-01 
1
3
38 13 4 6 0 -1
40 13 2 3 0 2
38 16 2 3 0 2
haar_x2_y2
5.635541e-04 0 -1
-1.224849e-01 9.999986e-01 
1
3
8 13 4 6 0 -1
8 13 2 3 0 2
10 16 2 3 0 2
haar_x2_y2
2.985440e-04 0 -1
7.934490e-01 -6.302817e-01 
1
2
26 21 3 10 0 -1
27 21 1 10 0 3
haar_x3
4.315282e-04 0 -1
2.340236e-01 -9.820223e-01 
1
2
25 20 9 1 0 -1
28 23 3 1 0 3
tilted_haar_x3
-1.940370e-04 0 -1
8.463560e-01 -6.804553e-01 
-1.135442e+00

1
-1
