6
1
2
24 13 12 10 0 -1
28 17 4 10 0 3
tilted_haar_x3
3.272946e-04 0 -1
4.275093e-01 -8.778629e-01 
1
2
22 19 6 12 0 -1
22 25 6 6 0 2
haar_y2
-3.627208e-03 0 -1
3.884139e-01 -7.920874e-01 
1
2
22 27 6 1 0 -1
25 27 3 1 0 2
haar_x2
2.878018e-04 0 -1
3.816891e-01 -9.388657e-01 
1
2
27 23 4 5 0 -1
28 23 2 5 0 2
haar_x4
-3.288410e-04 0 -1
-7.481471e-01 -2.277599e-03 
1
2
19 23 4 5 0 -1
20 23 2 5 0 2
haar_x4
8.113363e-06 0 -1
5.424055e-01 -7.825166e-01 
1
2
28 8 4 16 0 -1
28 12 4 8 0 2
haar_y4
2.886886e-03 0 -1
1.709577e-01 -4.554918e-01 
-1.223175e+00

-1
-1
