7
2
2
9 13 24 3 0 -1
8 14 24 1 0 3
tilted_haar_y3
5.423928e-05 0 1
2
3 23 14 2 0 -1
3 24 14 1 0 2
haar_y2
-1.886624e-04 -1 -2
1.000000e+00 1.000000e+00 -7.482577e-01 
2
3
24 24 2 2 0 -1
25 24 1 1 0 2
24 25 1 1 0 2
haar_x2_y2
-3.769034e-06 1 0
2
39 35 6 4 0 -1
41 35 2 4 0 3
haar_x3
1.578675e-04 -1 -2
-3.110194e-01 5.165288e-01 -1.681191e-01 
2
2
6 31 20 7 0 -1
16 31 10 7 0 2
haar_x2
3.345136e-02 1 0
2
6 4 27 24 0 -1
15 4 9 24 0 3
haar_x3
-6.813696e-02 -1 -2
-8.525183e-01 -3.144094e-01 9.999975e-01 
2
2
30 27 3 3 0 -1
31 27 1 3 0 3
haar_x3
-8.195677e-04 0 1
2
25 19 18 2 0 -1
25 19 9 2 0 2
tilted_haar_y2
-6.663886e-03 -1 -2
-7.722772e-01 4.509951e-01 -1.065537e-01 
2
2
10 26 7 3 0 -1
10 27 7 1 0 3
haar_y3
3.593570e-04 1 0
2
13 17 24 18 0 -1
21 23 8 6 0 9
haar_point
2.765561e-02 -1 -2
-7.028649e-01 1.000000e+00 -9.999892e-01 
2
2
26 7 6 19 0 -1
28 9 2 19 0 3
tilted_haar_y3
1.481451e-02 1 0
2
27 8 16 21 0 -1
20 15 16 7 0 3
tilted_haar_x3
-6.432058e-02 -1 -2
7.022920e-01 -1.809985e-01 4.852782e-01 
2
2
8 11 26 3 0 -1
7 12 26 1 0 3
tilted_haar_y3
-1.644221e-04 0 1
2
13 13 4 4 0 -1
14 13 2 4 0 2
haar_x4
2.244364e-05 -1 -2
1.000000e+00 1.000000e+00 -8.048745e-01 
-1.364104e+00

0
-1
