7
1
2
24 13 12 9 0 -1
28 17 4 9 0 3
tilted_haar_x3
6.839141e-03 0 -1
3.463295e-01 -9.207149e-01 
1
2
10 3 39 25 0 -1
23 3 13 25 0 3
haar_x3
1.277599e-01 0 -1
-2.932555e-02 -9.742740e-01 
1
2
1 5 42 17 0 -1
15 5 14 17 0 3
haar_x3
-1.244650e-01 0 -1
-7.913059e-01 3.734269e-01 
1
2
31 13 9 9 0 -1
34 16 3 9 0 3
tilted_haar_y3
-5.075210e-02 0 -1
-8.817499e-01 1.978312e-02 
1
2
18 15 6 6 0 -1
16 17 6 2 0 3
tilted_haar_y3
1.925901e-03 0 -1
4.430198e-01 -7.214043e-01 
1
2
42 12 7 4 0 -1
42 12 7 2 0 2
tilted_haar_x2
-7.269825e-03 0 -1
-8.514958e-01 -2.675911e-02 
1
2
16 10 27 9 0 -1
25 19 9 9 0 3
tilted_haar_x3
-7.182078e-02 0 -1
4.352132e-01 -6.632080e-01 
-8.700893e-01

-1
-1
