7
2
2
24 13 12 9 0 -1
28 17 4 9 0 3
tilted_haar_x3
6.839141e-03 1 0
2
19 26 6 3 0 -1
22 26 3 3 0 2
haar_x2
-2.564198e-04 -1 -2
-9.384490e-01 -4.646683e-01 6.959457e-01 
2
2
29 25 6 7 0 -1
31 25 2 7 0 3
haar_x3
-2.855489e-04 0 1
2
18 19 24 11 0 -1
26 19 8 11 0 3
haar_x3
6.212738e-02 -1 -2
2.315622e-01 2.320250e-02 -8.235675e-01 
2
2
8 12 4 5 0 -1
8 12 2 5 0 2
tilted_haar_x2
7.206779e-04 0 1
3
15 7 18 2 0 -1
15 7 9 1 0 2
24 8 9 1 0 2
haar_x2_y2
-6.011392e-04 -1 -2
7.398986e-01 1.000000e+00 -5.818526e-01 
2
2
24 24 3 5 0 -1
25 24 1 5 0 3
haar_x3
-1.488524e-04 0 1
2
33 18 1 12 0 -1
30 21 1 6 0 2
tilted_haar_x4
-1.937816e-03 -1 -2
-6.171832e-01 -4.826000e-01 7.181172e-02 
2
2
23 24 3 5 0 -1
24 24 1 5 0 3
haar_x3
-3.342964e-04 0 1
2
17 15 15 5 0 -1
22 20 5 5 0 3
tilted_haar_x3
2.290098e-03 -1 -2
-9.228985e-01 6.561869e-01 -7.611200e-01 
2
2
15 4 30 24 0 -1
25 4 10 24 0 3
haar_x3
2.559941e-02 0 1
2
42 3 6 33 0 -1
31 14 6 11 0 3
tilted_haar_x3
6.205675e-04 -1 -2
9.771511e-02 1.003798e-01 -7.117389e-01 
2
2
5 3 30 24 0 -1
15 3 10 24 0 3
haar_x3
-6.924240e-02 0 1
2
8 3 33 6 0 -1
19 14 11 6 0 3
tilted_haar_x3
-1.928373e-02 -1 -2
-6.510068e-01 8.709372e-01 -7.512323e-01 
-1.344221e+00

-1
-1
